<TSP_SELFTEST>
TSP_SELFTEST_SPEC_PRE_TXT_Heart_Pro_iST207W_V03
5
IC_VENDOR:NA
IC_NAME:NA
FW_VER_BIN:NA
FW_VER_IC:NA
FW_MODEL:HDE007
</TSP_SELFTEST>

<TSP_ALL_NODE>
RAW_MULTI_P_V04
run_raw_multi_read_all
8,8
-9999,460,1830,2690,2690,1830,480,-9999
500,2550,2770,2770,2770,2770,2550,500
1830,2770,2770,2770,2770,2770,2770,1830
2740,2310,2770,2770,2770,2770,2770,2690
2250,2770,2770,2770,2770,2770,2310,2660
1830,2770,2770,2770,2770,2770,2770,1830
530,2670,2770,2770,2770,2770,2670,610
-9999,490,1830,2690,2690,1830,560,-9999

9999,2580,5470,6280,6280,5470,2710,9999
2840,5950,6450,6450,6450,6450,5950,2830
5470,6450,6450,6450,6450,6450,6450,5470
8200,6910,6450,6450,6450,6450,6450,6280
6730,6450,6450,6450,6450,6450,6910,7980
5470,6450,6450,6450,6450,6450,6450,5470
2980,6220,6450,6450,6450,6450,6220,3460
9999,2750,5470,6280,6280,5470,3150,9999

SELF_RAW_X_P_V04
run_self_raw_x_read_all
8,1
3021,4142,4378,4565,4295,4458,3965,2970

7049,8603,9092,9482,8922,9259,8235,6930

SELF_RAW_Y_P_V04
run_self_raw_y_read_all
8,1
2825,4126,4214,4102,4471,4538,4237,3019

6593,8571,8753,8520,9287,9427,8800,7045

1RC_RAW_DATA_P_V04
run_1rc_read_all
8,8
-9999,240,870,1270,1270,870,250,-9999
260,1210,1490,1490,1490,1490,1210,250
870,1490,1490,1490,1490,1490,1490,870
1270,1280,1490,1490,1490,1490,1490,1270
1060,1490,1490,1490,1490,1490,1280,1230
870,1490,1490,1490,1490,1490,1490,870
260,1250,1490,1490,1490,1490,1250,290
-9999,260,870,1270,1270,870,290,-9999

9999,1320,2590,2960,2960,2590,1400,9999
1450,2820,2760,2760,2760,2760,2820,1420
2590,2760,2760,2760,2760,2760,2760,2590
3810,2970,2760,2760,2760,2760,2760,2960
3180,2760,2760,2760,2760,2760,2970,3680
2590,2760,2760,2760,2760,2760,2760,2590
1460,2910,2760,2760,2760,2760,2910,1650
9999,1430,2590,2960,2960,2590,1630,9999

1RC_GAP_P_V04
run_1rc_gap_read_all
8,8
0,0,0,0,0,0,0,0
0,0,0,0,0,0,0,0
0,0,0,0,0,0,0,0
0,0,0,0,0,0,0,0
0,0,0,0,0,0,0,0
0,0,0,0,0,0,0,0
0,0,0,0,0,0,0,0
0,0,0,0,0,0,0,0

9999,120,40,25,40,120,9999,9999
120,25,20,20,20,25,120,9999
50,20,20,20,20,20,40,120
40,25,20,20,20,20,25,40
40,20,20,20,20,20,25,40
120,20,20,20,20,20,40,120
9999,120,35,20,20,40,120,9999
9999,120,40,20,40,120,9999,9999

EOP_RAW_DATA_P_V04
run_eop_read_all
8,8
-9999,290,970,1410,1410,970,300,-9999
310,1360,1720,1720,1720,1720,1360,300
970,1720,1720,1720,1720,1720,1720,970
1420,1470,1720,1720,1720,1720,1720,1410
1180,1720,1720,1720,1720,1720,1470,1380
970,1720,1720,1720,1720,1720,1720,970
310,1430,1720,1720,1720,1720,1430,350
-9999,310,970,1410,1410,970,340,-9999

9999,1630,2900,3280,3280,2900,1670,9999
1710,3170,3190,3190,3190,3190,3170,1690
2900,3190,3190,3190,3190,3190,3190,2900
4250,3430,3190,3190,3190,3190,3190,3280
3520,3190,3190,3190,3190,3190,3430,4130
2900,3190,3190,3190,3190,3190,3190,2900
1750,3340,3190,3190,3190,3190,3340,1950
9999,1740,2900,3280,3280,2900,1890,9999

EOP_GAP_P_V04
run_eop_gap_read_all
8,8
0,0,0,0,0,0,0,0
0,0,0,0,0,0,0,0
0,0,0,0,0,0,0,0
0,0,0,0,0,0,0,0
0,0,0,0,0,0,0,0
0,0,0,0,0,0,0,0
0,0,0,0,0,0,0,0
0,0,0,0,0,0,0,0

9999,120,40,25,40,120,9999,9999
120,25,19,19,19,25,120,9999
50,25,19,19,19,19,40,120
40,25,19,19,19,19,25,40
40,19,19,19,19,19,25,40
120,19,19,19,19,19,40,120
9999,120,35,19,19,40,120,9999
9999,120,40,19,40,120,9999,9999

CHANNEL_SHORT_P_V04
run_channel_short_read_all
8,4
6963,6963,6963,6963,6963,6963,6963,6963
6963,6963,6963,6963,6963,6963,6963,6963
6963,6963,6963,6963,6963,6963,6963,6963
6963,6963,6963,6963,6963,6963,6963,6963

9420,9420,9420,9420,9420,9420,9420,9420
9420,9420,9420,9420,9420,9420,9420,9420
9420,9420,9420,9420,9420,9420,9420,9420
9420,9420,9420,9420,9420,9420,9420,9420
</TSP_ALL_NODE>